cam0:
  T_cam_imu:
  - [0.9251201075093733, 0.296658829079394, 0.23695215932986902, -2.0756174479064895]
  - [-0.14396863370257978, 0.8515793548193437, -0.5040690775630677, 2.510760518702324]
  - [-0.3513201092901702, 0.43221076059569885, 0.8305227505816019, -0.14125296300091478]
  - [0.0, 0.0, 0.0, 1.0]
  cam_overlaps: []
  camera_model: pinhole
  distortion_coeffs: [-0.037248107431663915, 0.006995053833772712, -0.0243921929806465,
    0.014803855796907486]
  distortion_model: equidistant
  intrinsics: [402.3902897127422, 393.6715915808062, 323.3000519630719, 158.54441692227368]
  resolution: [640, 360]
  rostopic: /cam0/image_raw
